Mission Results
*********************************

smooth robustness :               -0.64051
separation_robustness :           inf
goal_robustness :                 -0.64051
unsafe_robustness :               0.589897
total trajectory length :         0.587699

----------------------------------------------------------------------------
w_opt = 2.000000 2.000000 6.000000 1.750211 1.750211 4.933333 1.749759 1.749759 2.933333 1.750275 1.750275 1.047160 1.749685 1.749685 0.646225 1.750359 1.750359 0.750682 1.749589 1.749589 0.749221 1.750469 1.750469 0.750891 1.749463 1.749463 0.748982 1.750613 1.750613 0.751164 1.749299 1.749299 0.748670 1.750801 1.750801 0.751520 1.749085 1.749085 0.748263 1.751046 1.751046 0.751985 1.748804 1.748804 0.747732 1.751366 1.751366 0.752593 1.748438 1.748438 0.747037 1.751785 1.751785 0.753386 1.747960 1.747960 0.746130 1.752331 1.752331 0.754423 1.748757 1.748757 0.747641 0.000000 0.000000 0.000000 -0.468355 -0.468355 -2.000000 0.408964 0.408964 -2.000000 -0.356876 -0.356876 -1.786575 0.311161 0.311161 0.811501 -0.271002 -0.271002 -0.514206 0.235682 0.235682 0.447190 -0.204572 -0.204572 -0.388159 0.177114 0.177114 0.336060 -0.152819 -0.152819 -0.289962 0.131253 0.131253 0.249042 -0.112030 -0.112030 -0.212569 0.094808 0.094808 0.179892 -0.079280 -0.079280 -0.150427 0.065167 0.065167 0.123649 -0.052217 -0.052217 -0.099078 0.040200 0.040200 0.076277 -0.028901 -0.028901 -0.054838 0.018118 0.018118 0.034378 -0.007659 -0.007659 -0.014532 0.000000 0.000000 0.000000
----------------------------------------------------------------------------
Time Taken : 0.0 second(s)
